0.041666667	0.875	0.041666667	0.041666667
0.041666667	0.041666667	0.875	0.041666667
0.041666667	0.125	0.791666667	0.041666667
0.458333333	0.166666667	0.25	0.125
0.125	0.333333333	0.458333333	0.083333333
0.166666667	0.291666667	0.375	0.166666667
0.625	0.083333333	0.208333333	0.083333333
0.125	0.458333333	0.333333333	0.083333333
0.571428571	0.071428571	0.071428571	0.285714286
0.083333333	0.333333333	0.458333333	0.125
0.083333333	0.208333333	0.083333333	0.625
0.166666667	0.375	0.291666667	0.166666667
0.083333333	0.458333333	0.333333333	0.125
0.125	0.25	0.166666667	0.458333333
0.041666667	0.791666667	0.125	0.041666667
0.041666667	0.875	0.041666667	0.041666667
0.041666667	0.041666667	0.875	0.041666667
